64512247742
6468135999
64933399558
6408668398
6448047087
6434856163
6412479168-6419968858
6436579264
6405087808
6405087808
6409674772
6409674772
6409674772
6413077328
6413077328
6413256399
6467061669
6432046811
64974803637
6412614997
6412614997
6412614997
6483968497
6402191285
64908498670
6437925552
6437970788
6489288841
64987712395
64979711917
64915891281
64915891281
64685050929
64905431619
64905431619
64905431619
6474868585
6403002286






6433030128-6477855015
6462183189
6432155168
6484294560
6484294560
6484294560
6465022968
6403939396
6403939396
6419996188
6444001668
6432017741-6418835085
6432017741-6418835085
6432017741-6418835085
6432017741-6418835085
64914999393
64914999393
6489799742
6415776979
64906409999
64906409999
64982985179
64682737979-6479406016
64918835085
641866897125
6418675666
6408031830
6414252274
6414252274
6414252274
6409210985
6408420738
6408420738
6435866079
6446509055
64913398679
6495852276
6473888900-6412027798
6473888900-6412027798
6489584839
6408210171
6467577604
6477994411
64908985108
64979588262
6488484680
6488484680
6433623648
6444256979
6444256979
6444256979
6444256979
6404103999
6403703661
64972209799
64972209799
6482017323
6484554478
6411779990
641648885001
6415150682
6466717971
6435404779
64912012360
6412604638
6468496540-6402537816-6409044027
6417242333
64917766180
64974861871
64974861871
64974861871
6408898598
6403645464
6418848709
6418848709
6403883994
64986845573
6432617639
6489449497
64979542938
6403650256
6408849293
6489166833
6413827388
64968555666
6488918488
6488918488
6488918488
6488918488
6407886385
6485427368
6486279338
6436838688
64972585888
6413429177
6413429177
6438816116
6403127061
6403127061
64674022088
6406683939
6408206931
6448288061-6482103647
6448288061-6482103647
64976620250
6489805368
6403431228

6417414408
6483678998
6403639189
6403639189
6403639189
6403507919
64903507919
6401447771
6401447771
64911883344
6463123861
6463123861
64914137608
6467838879
6408577877
6488680806
6433915008
6433005847
6403931409
6419729198
6435133581
6435133581
64975909459
64975909459
6469698608
64903669876-64979898674
64903669876-64979898674
64903669876-64979898674
64903669876-64979898674
6409799625
6409799625
6402745715
6487972668
64635312005
64972999688
64972999688
64972999688
64972999688
64972999688
64972999688
6463578534
6418340507
6409227988
6403677299
6415242207
6415242207
6415242207
64648768256
64648768256
64969001859
64965990586
6412222385
6412222385
6483982003-6484112168
6483982003-6484112168
6483982003-6484112168
6403952848
6403952848
6403952848
6403952848
6431774856
64292676506
6474710336
64906566683
6445561957
6445561957
64933886392
6479187979
64989029388
6476158177
6481881499
64449655668-6406584222
6406584222
6406584222
64978080519
6401491092
6437278163
6463901029
6472476706
6403680548
6403680548
6403680548
6403680548
6403680548
6403680548
6403680548
6403680548
6403680548
6404489827
6485688832
6432926696
64936784537
6408219582
6434579139
6413931718
6475602659
6487843877
64938710101
6408089386
6414441079
6414441079
6416257000
6479781779
6438989836
64913877229
6483793019
6483793019
6483793019
6478997888
6478997888
6438586124
6438586124
64984182292
6403944154
6408981367
6405195222
6444469858
6408188833-6409670759
6409356449
64659480550
64659480550
64269196659
6479588262
6479588262
64979588262
6479588262
6436595926
6412000962
6412000962
6482292884
6483987991
6483987991
6403992050
641636449996-6485557788
64903429186
64903429186
64948868404
6406992227
6414177783
6414177783
6414177783
6414177783
6408250123
6489655216
6412559322
6412559322
6409125165
6468755968-6414177783
6468755968-6414177783
6463600614
64919911995
64903590827
6408481828
64219556861
64219556861
6418411156
6418411156
64697883651
641278606822
6418180014
6482034863
6489007443-6413461014
6416438361
64971686343
64634926012
64973703168
64983593946
64988942217-641299970239
64639741223
6416322398
64285555888
64917866789
64278606822
6403226832
64972628982
6467160879
6433223411
64973217881
6403423298
6403344465
64915757755
6419005365
6403841936
6446172568
6415150682
6415150682
6483678998
6493823070
6483363415
6483582848
6418097799
6482685599
6482685599
6463823331
6467535535
6403344465
6468666160
64983026878-64949667337
6418097799
6408761115
64935260178
64935260178
6401369989
6401369989
6401369989
6403822177
6408385945
6413588439
6413588439
6403642278
6413983288
6413983288
6447449650
6447449650
6403944189


6402372137
6437139346
64235524297
64235524297
6413820852
6488684468
6403610172
64633957922
6438778098
64909822164
6405170678
6408222810
6406368877
6405539368
6408192026
6408192026
6408310472
6436266868
6436266868
6414129123
64909719395
6437102158
6403505475
64989229267
6403870268
641697092551
6488361772
6483611120
6488361772
6483611120
64988361772-6419292779
6414105441
6483055188
6474223134
6403918600
6409095879
6412707025-64227960056
64987948136
6423456163
64977509738
64977509738
6438263044
6438263044
6438263044
6438263044
6438263044
6404386587
64903844000-64909859595
64903844000-64909859595
64903844000-64909859595
64903844000-64909859595
64903844000-64909859595
64903844000-64909859595
64903844000-64909859595
64903844000-64909859595
64903844000-64909859595
64903844000-64909859595
64903844000-64909859595
64903844000-64909859595
64903844000-64909859595
64988883272
6438886912
6438886912
6488202889
6439054555
6414336599
6405589712
64903472147
64664690185
6413634383
64913498322
6405283626
6475868479
6475868479
6475868479
6475868479
6475868479
6475868479
64911354456
6469707123
6403926899
6403926899
6434998129
64913586954
64989180883
6489180883
6473340988
64902153233
64902153233
6435161380
64937266526
64937589037
6409225010
6409225010
6409225010
64985520678
6403056286
6406676919
64914161623
6408357327
6473471357
64907706744
6462739739
6462739739
6462739739
6462739739
6413476405
6413476405
6413383427
64913523434
64913523434
6402717043
6432656007
6432656007
6432656007
6432656007
6432656007
6432656007
64932656007
6416630824
6478731776
6414320286
6403500432
64905383680
64223818208
6414040705
6412017123
6403604907
6401039089
6418505229
6403287862
64966894078

6449671672
6463864499
64946252535
6416634959
6432888179-64263314354
6408122425
6408122425
6469933729
6447108384
641222513116
6443223199
6419291291
64212796868-64643999999
64212796868-64643999999
64212796868-64643999999
64212796868-64643999999
64212796868-64643999999
6487409308
64263314354
6487547542
6487547542
6405492769
6405751079
64982097879
64647573182
6463232025
6432215561
64973477281
64903874245
6477700750
6477700750
6489880850
6488250777
6413937654
6407344899
6414808909
6487021476
6402799599
6467887879
6467887879
6402115387
64989734734
6413935559-6447330707
6402776712
6417568160
6408200695
6408858371
6486408648
6414099963
6414099963
6434666656
64983753213
6433792466
64964204084
64978030614
64662207979
6482759979
6418465000
64912645136
64912645136
64906698811
6413888263
6417969697
6479732888
6417399797
6417399797
6417399797
6403888328
6432616683
64948333467
64948333467
6438772698
6413950403
6413950403
6413950403
6402339933
6402339933
6488636880
6488636880
6408157155
64913490503
64982876034
6403450754

6418713318
6407101984
6464761110
6404255888
6404255888
6483401400
6406342234
64938228769
64983815999
6403603070
64966117689
64966117689
64982876034
64982876034
64982876034
64982876034
64982876034
64982876034
64982876034
64982876034
64982876034
64982876034
64982876034
64982876034
64982876034
64982876034
6403127061
6403127061
6489298991
64902734975
6444921089
6413845738
64227960056
6403376663
6432633298
6483191277
6468646161
6405383384
6405383384
64663066669
6408361492
6438092108
6449826270
6477859879
6403752475
6403752475
6403752475
6403752475
6445742838
64903438353
64099044565
64099044565
64099044565
64099044565
6489366377
6476541641
6413866192
6403008191
6413462409
64965052244
6438180007
64969439988
64987949691
6449155515
6481051762
6489065683
6409180671-6403879630
64228754721-6438042299
64973260344
64973260344
64973260344
6402669690
64988488419
6403617060
64976820712
6464631014
6464631014
6435040186
6468997395
6438729909
6466821386
6466821386
6402293861-6434686390
6402293861-6434686390
6402293861-6434686390
6402293861-6434686390
6408366877
6408366877
64908366877
6408366877
6416920527
6416920527
6413031789
6413031789
6476393749
6476393749
641265144006
6474374111
6466488779
6466488779
6466488779
6466488779
6483213282
6477939288
6488088004-6416584589
64901906677
64985879696
641245088555
6437661068
6409048225-6403615513
6477994411
6489991008
641687624101
641687624101
6482024615
6405062292
6403513389
6407232700
64214965789
6433121124
64902006468
6433396341
6417406050
6432029636
6488026955
6488026955
6402646525
6438946789
6445938838
64909090512
64909090512
6483242779
6409875058
6487102228
6474344471
64978607211
64969385289
64969385289
64966688329
6418259277
6416888055
64915091465-64905345198
64915091465-64905345198
6405345198
6415091465
6415091465
6409775110
6408567522
6403277949
6403277949
6403277949
6485055596
6408049333
6403887988
64234566456
6408101800
64212288118
6409811836
6438613366
6438613366
6413399998
6468366833-64912303225
6468366833-64912303225
6403593229
6403928116
64907710112
64907710112
64905530088
64905530088
64905530088
6431900657
6413899239
6413899239
64913203040
6433811898
6407696686
6408275939
6432793393-6416111770
6483723736
6483723736
6483723736
64904271927
64223823062
6483003110
64972916606
64972916606
6409330015-6485726052
6482143698
6482143698
6433606699
6408786726
6408843298
6412879368
6488883999
64903950589
6489596579
6419301012
64666373778
6409584329
6469624586
6403058055
6418458299
64974785177
6408498269
64185900906
6405118885
6405118885
6417067788
6418944971
6409181217
6409181217
6482109215
6477994411
6477994411
64686665900-6463141656
64686665900
6408028790
6437211487
6402263079
6413197272
6437000333
6401491115
6413744167
64988574499
641634266888
6409152523
6485962289
64984908378
6413541259
6413541259
6406861228
6431016016
6431016016
6431016016
6431016016
6431016016
6487721988
6487721988
6487721988
6487721988
6468007534
6404422655
6489848852
6489848852
6435532356
6409227654
64289888111
64937442676
6408295952
6413664898
6413664898
6403344847
64972686661
6413286531
6413286531
6404181852
6418030590
6442187711
6469905777
6482326589
64226830439
64226830439
64226830439
64226830439
64226830439
64226830439
6403022371
6475481116
6426733737
6484291559
64918745988
6436370781
6436776677
6436776677
6436776677
6436776677
6436776677
64905107422
6485226767
64917867757
6408396611
6438923362
6438923362
6435713861
6435713861
64962797800
6408160003
6408160003
6408160003
64905110163
6403708356
6403388225
6403388225
6403739161
6403739161
6403739161
64933025005
64933025005
64982471518
6438160819
6408209828
6475777222
6461318622
6461318622
6402500226
6483666138
6407543399
6407543399
6407543399
6474018474
6402113388
6403561086
6403561086
6403561086
641677398602
64677398602
641648221308-64902293439
64915359986
64908865901
64919690026
6406483397-6438928991
64642646666
6401713126
641233693939
64124214223
6488298006
6474861099
64979597092
6402794739
6477888292
6477888292
64977054834
64977054834
64979406471
64979406471
64979406471
64979406471
64979406471
64979406471
6407366789
6406863618
6402428363
6431148683
6431148683
6435690998
641679296449
641679296449
641679296449
6412837222
6412837222
6409878901
6409878901
6409878901
6409878901
6409878901
64985970099
64985970099
64985970099
64985970099
64985970099
6465713333
6413849289
6408695988
6488532226
6402663203-6434984156
6402663203-6434984156
6402663203-6434984156
64244129999
64244129999
64244129999
6405288715
641658181178
641658181178
641658181178
6443075660
6403762858
6403762858
6446757575
6435850326
6438060652
6438060652
6419485298
6419485298


6472065640-64633991158
64918242394
64918242394
64909867677
6403042894
6402537816
6483927732
6403157028
6403157028
64722267736
64685056999
64972267736
641685056999
641685056999
64972267736
64972267736
64972267736
6489354317
6403885732
6489698184
6489698184
6403757670
6402306992
6464345255
6401877789
6412262947
6419081737
6439213288
64967868445
64675492396
6409808411
64675492396
6403870268
6403870268
6418907827
6418907827
6418309967
6418309967
64989988046
64989988046
6408696398
6418500541
6465926868
64913365369
6483606092
6408630178
6417313878
6489688620
642838491086
642838491086
64902263079
6438699733
6438699733
6401319966
64974680432
64972968147
6438312095
6441255229
64628325888
64986367266
6408396286
6413947982
6413947982
6413947982
6413947982
6401163636
6401163636
6403846830
64903265046
64916084300
6409871966
64906906262
6489991886
6489991886
6403328367
6403328367
6408214267
6409335983
6413818142
64935717383
6412439905
64914137608
6469985568
6413258863
6413286531
6484212902
6476158143
64657439901
6407709670
64903113169
64903113169
6465787829
6465787829
6418073712
6418073712
6418073712
64933232586
64909624299
64909624299
6403372040
6403372040
6403372040
64971668555
6408017722
64699225881
6476846850
6476846850
6476846850
6438085885-643180007
6431575239
6402771976
6417828828
6413643272
6413643272
6409211218

6437002996
6433915008
6402031015
6405967576
6415188668
6415188668
6483717072
6413015323
6433625449
6472748100
6472748100
6413110226
64914253253
64914253253
64933915008
643504067
6412067768
6412067768
64912027798
6483411707
64908691988
6413559699
6413559699
6413559699
6413559699
6403429710
6403429710
6403429710
6490101444
6413427709
64983878768
64983878768
6475153729
6475153729
6466013558
6466013558
64983162959
64983162959
6439054555-6403754015
6404777477
6404777477
64989153948
6418488888-6461686268
6418488888-6461686268
6418488888-6461686268
6418488888-6461686268
64695101984
6412680072
6403775712
6403775712
6464595209
6463271418
6489616163
6405589088
64948848648
64983932341
64982627217
64982096212
64983599442-641654800236
6435496468
641697092251
6406161632
64679867537
64647999999
6483927732
6493071888
6493071888
6402000707
6402000707
6402000707
6406992996
6406992996
6462220066
6489551555
6477994411
6413211737
64913211737
64913211737
6476677454
6476677454
6403684014
6419773377
6409274246
6409274246
6435428468
6403116727
64234530333
64975070769-64906714159
64938417630
64938417630
64983497272
6463753399
6463753399
6481781568
64933473679
6409822480
6437008808
6432634799
6408630103
6474383999
6474383999
6474383999
6418502575-6437064616
6486696717
6404239073
6404239073
64888825888-64949276888
64888825888-64949276888
64888825888-64949276888
64888825888-64949276888
6468808839
6416236356
6403949302
6403949302
6468846999
64627667498
6483812130
6417395404
64966483866
6414217011
6413742222
64966520569
64909707999
6438754448
6438754448
64934278868
6446503747
6418768855
6403873511
6419989415
6419989415
6434904635
6403002474
6413723288
64913723288
6467472699-6475896207
64983191373-641249765555
6432137456
6403782220
6403327898
6403327898
6418073712
6418073712
6483671816
6418158170
6403823701
6403823701
64939241297
64983028904
6411466966
64917813795
6439471888
6403923534
6443355055
64263314354
6409296169
649033366088
649033366088
6413131599
6408062100
6408062100
6405919671
64916911345
64916911345
6408964004
6478055368
64916332518
64977197045
6437963879
64683318181
64683318181
6403777696
641678317110
6488880916
6404348883
6404348883
6403697262
6404397717
6413004231
64913068076
64913068076
6433156288
6472990307
6412225205
6436009775
6484220087
6476472392
6412608887
64968558488-64972209799
64968558488-64972209799
641653152624
6401803479
64916145377
6472747747
6403710288
6461170638
6406777860
6489164235
6489164235
6408717811
6468092789
6415665085
6418029000
6409228994
6486640823
6478350859-6485825998
6408618636
64903117970
6414650427
6414650427
6414650427
6414650427
6414650427
6402512784
6402512784
64989258716
6438190181
64906616062
64906616062
6449003003
6418979935
6438928991
6483702795
64935048690
6475822630
6482888827-6466115117
6435048690
6406999359
6409426123
64905402879
6402566629
6438921564
6483746467
64903697098
6435381331
6477059000
64983701656
6489153948
6406452314
64908711112
6408129120
6406826663
6433277456
641282623052
6435048690
6418382982
641643999999-641628325888
641643999999-641628325888
641643999999-641628325888
6467623838
6467623838
6467623838
6467623838
6467623838
6403720678
64977994411
64977994411
6488231285
64205054529
6435246868
6462239164
6403660807
6403660807
6478604264
6413603949
6403666436
6403838531
6468442086-6412450009
6435456369
64982140232
64912252979
6477702995
6477702995
6477702995
6477702995
6477702995
6477702995
6477702995
6419894191
6418031732
6482880398
6482880398
64962466125
6486845573
6433866483
641234247777
641234247777
6403432279
6486855321
6469624374
6469624374
6435114114
6469343299
6403857839
6408363598
6488533657
64294420009
6414545732
6409624229
6409607790
6409607790
6409607790
6449819935
6401880844
6474397288
6408649849
6411223778
6411223778
64986937358
64986937358
64986937358
6486937358
64645821599
64645821599
64645821599
64645821599
6479813874
6479813874
6418132277
6433241057
6434849927
6469686677
6489146777
64989146777
64917512874
6438625365-6413826630-6413890605
6409094231
6408412555
6404868090
64969236801
64077766999
6403626436
6418071111
6418071111
6468988908
6488888575
6488888575
6488888575
6468680020
6461770888
6403536778
6488007899
6418104353
6418104353
6418104353
6474377123
6474377123
64913216852
6413397796-6403819040
64979105288
64987702775
64987702775
6438272240
6403301504
6479679488
6407636070
6404648611
6409054959
6405497174
6488991188-6445586998
6403701391
6403701391
6405461984
6476808166-6442847580
6476808166-6442847580
6476808166-6442847580
6476808166-6442847580
6476808166-6442847580
6403819191
6403819191
6475999426
64973436107
6448719777
6449074957
6403713199
6469461114
6469461114
6469461114
6469461114
6469461114
6416695596
6405120707
6405120707
6414007500
6402765930
6402765930
6476074226
6476306145
6422600555
6403705336
64903650684
64903650684
648250941
6489139158
6414182992
6414182992
64677468888
64677468888
64677468888
64677468888
64232211369

6467857777
6408054996
64905331731
6489968199
6446990020
6406700639
6406700639
6403943519
6419588250
6409456487
6417359469
6402533755
6402533755
6438586124

6408029192
6413514543
6404197591
64912815535
64699591979
6468858867
64699591979
6478332049
6478332049
6486406688
6476036635
641689538074
6473471721
64905533383
6403765353
64909158079
64909158079
6445809193
6436779977
6483396426
6469333493
6417227502
6482201219
6413663063
6413663063
6413663063
6413663063
6413663063
6413663063
6413663063
6413663063
6413663063
6413663063
6401853555
6405216200
6439262696
6412633338
64126333338
64903225547
64903225547
64903225547
6486095858
6413802626
64982411181
64982411181
6435507268
6413300691
6413300691
64913300691
64868680020
6403724008
6403724008
6403724008
6403500796
6416574031
6416574031
6436238886
6485288869
6418220639
6401491092
64638856349
641268681368

6409729142
6488000068
64977994411
6486805767
6414016968
6414016968
6438838995
6438838995
6445056577
6445056577
6445056577
6471417603
6471417603
64967001888
64696738747
64978110487
6478110487
6412580363
6405555651
64905555651
6409658008
6466999333
6469139939
64692278223
6462999995
6438816116
64903576622
6413516272
6408246555
6402387939
64908404460
64982406798
6408822643
6469336688
6469336688
6469336688
6469336688
6469336688
6469336688
6414151738
6414151738
6406221577
6462143636
6479045957
64903301504
64678953535
64678953535
641678953535-64968550027
641678953535-64968550027
64905133004
6418676681
6418676681
6438089099
6438089099
6449155515
6418265382
6405943686
6405943686
6405943686
6405943686
6487772605
6404915122
6489041260
64937293629
6403643640
6403643640
6403643640
6403885454
6413728539
64913728539
6409282658
64903283686
6489122221
64906270670
64906270670
64906270670
6401920468
6413536397
6413536397
6477185602
64914092345
6409457368
6406675587
6469992676
6409231639
6418719197
6418719197
6403331013
6432437499
6402860236
6402535753
6418385156
6406329775
6406329775
6418563565
6431337757
6405129942
6478061431
6482235481
64644724100
6409846277
64937236670
6438042299
6438042299
6402429691
6403901766
6408651343
64918557689
64918557689
6401323239
6408455465
64919521768
64913701234
6436216286
64216162929
64658531892
6485889957
6436352889-64983996981
6436352889-64983996981
6436352889-64983996981
6473633147
641689061067
641689061067
64986412788
64914037000
64914037000
6404142006
6449263768
64949263768
6472885179
6419170318
6448463868
6448463868
6448463868
6446358491
64166141181
6483732389
6403839373
6406680474
6406350999
64913959098
64969699939
6473728117
6403800669
6403800669
6403800669
6414423586
64255459055
64255459055
64255459055
6418907709
6468023456
6483139109
6406912273
6406912273
6486644777
